813642241134532312155991
809292998795641842770039601609215977383585903301
2832781725917397
2427278541443386596071058383722

205635411538021
0200004113096567897155405018030296127773551524957573647
8765301618828771014086750658727624567594855126878397758884452202609168090763542
0046363724827838169346164617970949677932908964698721120263645427039770
352963
838352599208300539065603938622541850592560971513193281691935293939676916900609909196
193396061197041568471144381572961205700649892334408280110835414608652382207
23487966529887070001949356814963469411615182720
84414417566267678273848155668251486234680463460317854967787422223117
172022385163782299857289783797581616727290691523874507425659
531848717247733496629639807192182595153511424578025052445209268510932223092555
977869014465885073603760314821959674421092909630051322527606057201099627059127362912399538066
6546481675939112
529240929845442248078927273278
8573364416141065751517876383596773262730551557144008854797416811658675
0441636017405639514908913990927243397400389093680566741229941900173899232
815863433938166150375873792731397304042302
568800356868023209814130568374108232672132890463521012181771399150
2886426376441927613381113712355215351376971836687408139194579512317401013638910
523592116933693999608660100164106117706653345503860162499
33022028275
286817515007948096344876349409121295
30735948332567503992999544
654227363873237675041283150667853420507767378574756095273711083912700520493951
024666084434605433232975012189595065019413733642633877450557852832935304013894
207376935845187
027502974319871877824835017217872164518274865131930745837344963786499319443626021458812763376
547701384600256468991387534767905892654136618039712216772883488100258
6
9147953663304312578550504925427411564584139174986048340880284562774583351973917
034511627993
214811772850876834435693997695975827504851494561698041285977784076351076908296649265960849
111395051555616112538370466074939140787335594044564755118641891653118063959689926056751677671146
5759364420842447983031284319148982769636730237
804120474964449206
280578904417060312496989785339854007272150061470993375792
1503357563789655522136161434651670885105087963
924296300499263309440720856300220771440530
3338349077763118806676040454
427202595965500309467595103237689149129698424058530680294371474598592
51365088550574832314282786996659723038494
9817346005529788695906993214991185068929222145102365294446037210373386517364998950131284549325033973
506048515683209701091842123476832954188546867969761443282
85090872007302250757094031214929349624
115950184989477539372105818030674557167031535026369241
1674804460941399780863384930385415199437912907689009725364708590303839660328969716358495418107779369
8914410905887458719205693522156573378988684368932217782531531134651093157997479953658675558
8398369570565329401631596255902042649956363370009692019611060011710374365021838001451371091678
00239465627595370655402784858300356662683627097364215709574511
97294229395384416442477713202398224561169553176173781114134807431814558335645905273
8435370980917639804198352
318119606166483964379971040442641617
833836991635735535478242214909506028106996546793025655150351481987722290009438369656987234219
70980153412662481543019557412709746846370930271711825262
249828127684232462315093428679323275389155358696160569781829350696461110117911455069908503328928550
66070399979153
79366341782592716827450811488162243116125128210
1446361562
381938940035908068639
35172652181777195341389597554124527103136965438226007194490031431616832971446019
450459193370642758
084793589985872534774235055649628881171468145533536
077189878197092115570967
387310323105779523717750656251091253182120391438
75202311908194143003596296016153518501706988309632810107959
0907180527547337257
827152778194605660240904701631184888782700577750606110600092249275110095276707582732238
239941164186690590738764593100893947794620617099150727070332253665217198
715105200331602449390692089841357389317443987603336252
29626666091243800736876777
4022281641239577871347212109812639330345875481
0267232234382001508557413852725195479643
327573937847790238676722387876169208734873874624604496
542783291737384939203911272257943178673747421781012727748377008799546278136656
194712670985037519319137361405704457507442920157698078508024784796479702443014681707250
98013430468232365334503874567959751172058439954171394816279035921573
161964079669486105101459827563738987242110024743200859466375222050374987399340607282400322033748
9563498078083502336212537
0717967808859758319515093698637937049822180402941359923426978
1991710361694662042022675250
6093303472719276864240965158595538779828518731252857009111711487576687987
169236775684043230731269361204443256835760618256691
2238049835184390667063264508643392183204510014515936861098294011464
896843105607610197121295227974155923929942323751370316009752645092126510719028348
578
50686585415130
760812360844104947676567814398259450776964819146323048987584758089558235459933115
69025122484356838710956837634451682980163430
16506153123300296027211458276131528481155168296798
292165055494189025326401284298407001010997705687754522885508095
0162938352793783387
679583617854425651968577005095918122125929913513
81625903131
06552455019865241260569739014880012132623475079688288
020427396152089018112646722676476732142557602668366417092209132158239242002004368848836
7468872262848216543946793164296677023815959381730589
3198180862285372449821729342660965381444472736271492280470140759039787143714744469640059205
825839766361992039519662771449539476568683769164763961048871467693294943895
9759966435026513150863303489715331540545381225831
64800666752195787621535784043168959419137369129341938
64735021862496843046255135760080906047315639514779430395179531387
9493565109192294144594623681209798378894860181667764191230227909268717697723175230
121948506986872900398218842859336820834062226040973055628968499002734046761544726747883255
7819156455236744572668701011141608170622040534623749034414884
0824132395575299274298
34644429597580837015605568554948649577456927278863361645553546776173749715456901
55961718839806855067412471329320703167486837139
594609215556149769592632510096000573964472652
5919276052195687255462147929803
4385679784043198752962454009850249242214252945957900346
78963981675586431835151489976913526163505290336942993157295
04384524230
1312656672184419212368007107284086050609977800253
5252234299502247512074604928492465306681162
71274587200935376436995196238064725091221955103269878484315674303737114993520880
989783915572218922867573157958824636
1360093170417699673497
0461911137153476402163276626577282904556987836053989106998114296017087025115
95432297818729367446873648407336517478103345956043338273482944
29849698867493361651291265902770395827126537604890266875049555291265179353890684447372467724305686
62990316239643729765328502
35444542986129149333734734205778478583735112
65222938255804554615937073095809990216381328
809868559622860716758648997191694974000115505824167924445678763
9562244199294958362667217410061184868191414972894514984106113927955573978365714106417667156420
86631572244869582135429805620165241227218633796373051816677159388408498407959091963256
9498538969193736143075421291196
16769323350245644322916233306933665106204395676501374452398343970945215771
04210991781656263086170239951479
64054357
0503218968171376259329429408718548642218639039968147083466
45044621442076613005944569623067
7487784525708
382203229948805032943384216872161298777
693687383230833415437601716180240856165121685444947245604543524
59682849661850603807261773656237562972416109589690045788800670912009511922546795883748761519468
2690692811536224700072091658807848
92885289637432512176158694903549359622832769844610524405967074060485979917824855929738139421
800957419707104588491739393036347128552558336726505995881598540275097154765893205400974444896149
65130727193839817098376155002769424744781605046
0798089646
7259011046969897228572607966694591531606165063552805898984396711264304274808218117316653961923394
29035681205229984023763320416821971006282845467102089741359929257946258984975543776006
320585294628673406602583682386
7689400747515002245780041262445056834701580703
98515304
184374717099282373011895826719396924438138498922204001208554950702
1978500594587003016
62002418387057386099802989
2491759938034586948371139247623230171165130378883066127845040699976269181450745968136114545571421767
87235770118785769739562435459942817803814198648358923358375930
6598508854934335229078433120479187121963659
6423902779879704532546822401263753498517223687455273518093855576947319360056427327122303822
1257740197678029560647761823500076434897774052
517346122381732383939236142569793600182039
7452460091322295403525871057
5514478384966206
71562478946326813508747612729527162249710947224476326447
6995709366865649029130041608417059074477344576811802143352426
2468851839404796075061343233563895762150834359441450675559772330973394240251931025237099768109111082
314743324775482909197067355863
7359981724278409586129158062013346574623021562765801134848132901828168286888863
0368254327903061846928065102769836185221438
4435015727594398822390157450834116887289912062267063218466916766685256093041939
4081759336826642382112260528857757075299210402909550237725817955569625167744448981546629508993
8302666726388940527896970628
225345985509903268121897087741135281518433185957483764515655026165199539845297
581940778718119
2658661892717065192119884541336215245714682
3613414623240817982706853069602781542702254935783983173980319955270906646272439518241551333671
50221591
9751218064006
4822856394354433689338897744624506703256641405106723
020396151223388991374571942331942782171773849461044946429960692712622579494499731027
788407016085939238116233582107896009585278610474870035571185824
228523406280909887460431132271
59956066834269276346594760034692595758481926677257420847047742220395355350658371116655172
055032292290993672134590555743866763691107311567088
56515365602019454027819104472
97336977034184413573465894236951620840735
46649171
543722232870619837702162952669379810329789166507896079208491403553090917
6187226980357769461669080597099338649816349919962054315448214612003081454606
5584323171541567202422
915401944209824548973484775633039447
244426558129959934775544670864437878156383668935656917
6922488116394078762162505747598308158433813873851952340581318818574460
4
04475185443765639183115927142603731387312280098365505287208035818523916173
2970794461518937879181794890542755005693869346122296524351808936522214
6326983128674780981107114883439165430880064042358735157626894571959943059612677027213494284242469185
3439113292423031045482789136944844699725086924083690093870224172144788299284992382290093846494961713
858454226445115866415851698022763491599311859857984328
48005368062748096916
889913644990349528389316408149682138637080119548744205957198578548092533628106366313733164572777644
4861431495536581091455175897737645406814321146109917422526128284605563936038007363236060671570575
8165675
4187711480399303856103580307028337503989068912468744681564485849015998372373008828422047182260075
25297222523532863717499509927720841082356945600395426842755
4766424103854421814857736
0504555
32243621756904774336024880128138723240359
5203675102248181173945334421546578354624143336019639298570585477441543360757156294355211288
318606852046302395236200993773960133028
0004191304133709907084998960596389657269532
371458038891946803060311239101844888426915356847183464035115597168
3997857488
49804135362314783089158615347694208743152777234
592032228300328766259321145316464847358151185136514464592177424859345988212754552
33055056968703406684627683334209871445077018141
324044158557758858382361332965515023208698828648208247391
6251895281
6246911393136088532254459880644550943491190569331827391367203144861723924626
701633343157231611859
6302577029199821909324250745359619783754590406516970686413719733542805
867572337684332029363740126426351752502033705737
7277753195047793846031829880531717027195420673792812397
68295327779083694815447969039276417204731088978715998881447537365558316184065
26955239382403895865171888691
73960200
2287736785067268869665436478778450435176969
456211
6828713307079673
78296806213616267896020513812653621322134672848925778
7044654253881615166895722076116681055100483444063705802668173
6571444057302317
543791332837632176065510351319792190016393043743964030009020465895582872437388290357884330
730527156544995738729024651
9518980408140198655308446411109495382448116
52714402277750482289
8601
5887550175107332372790243424193220594364926580641647629451718496516741887339457029841
4722705269621120728840411744786048686665840430319313383096456
4638729871919755551919204294001881721470706146286654301
2108133578009124
273053222489655747016976319189716742902298739422892251071744502393991422
996474967645714266987535
33375953344269
1320273682455038455448336089830028218340499522512935662880922570277
3721497080091367274206927397702032528619052552807116518369208163607539790444
006353
654389874307343179562
313351906146728542467403372281031356680553146874923184380340495503050731925

8264917472707358279591814074369741110110061
9735327432545363011049161276841034052922705299167
00260347035844374873943269907184805569
88572773736289403
638995571031585203094509626262247929146011161946241707210916945953215803
50515373602380100622502102180186226233757805174261989247058120031572256557638
05241045553662562911804805220484604309369225115677914318243665578459173886544386927713522
7587288
0000754675247022442480891153909746316468396746390331794
7297019413546212314441809152149593462537820
6458170602065573499633099932130950629044442181230
3403546046711182367177809813186457077870152840
2396798528986807946919242936556569925318081469
473734954172
034620536452069170583145596687
109692836479691406188995378289395783
4634140428031643844175900670570642941236416992390416
3
26408340678156519986124815269344294340671576816288
145575251265315654372361435438038139415997750510993658529007090797728341143809016370
9283445306531376045237006915431004845461312046878503451503824832884331911563722
904797158153476267191058068314276569
0468161962
11669242756669812433255090337861299
29166814251133324805661877160130268381481
202486062487308570771114356052151157509800400575272969624225092251455854544246347597242307138
62623445181994
98470342365965568834467367718868288654372189776555039564469414606187362533682531153270803881922
710004907897734671750971493832051256471022056481058
33283192297700115739938
50482437741555948174544782693185876687344035413457792267546276565908598484210122297
2733
36233174088660762992898322822168019975822926452945339492797836087844218645350690

65475784392311393742
36964968057912534981416327333613273346842541197416525441865115883681189014121003
950181590757249506318931289813255005432711673157732919190313430218697717992350113
89623362344724269154825397028125544720737071651773
2052097571705900597214604420688821641319807228522505694454423636

5788039418964569082017060704802498324
0065883425906591761354582560145904316
0
145865683939272617221367134066030670935366108938611851052711869927640291341531805
8672363448610912
2154645939229408695106
79184872131631978445749663825825072911459145294503
666608926679788628863379
9701404498969679
4008632806181637626
44490157638923158164282780711440926359
54508769941755521659577052360656305269057054645
3990845444085
8821335945539813514773112292623558438
3850580697192190739864654428687272081141469463237729602449779381197051175669
64232886157734482004121779126243028312382278
7548266169079294689355640660483763717867863151421869274248657514845267948480301285838438
30088162330808250867794829343838194687997177076642209448968603259820
39288590120287455801445531175049686332111548573335028337965424032615560492421263982003639136344116
7738876452452670554
599398246416887497693254773149570677619656831392609746004855072919102645076529612512974
9033316022361772882550065261272031621591017589108700
5777296304223445759578989959716936356928840849
68483854564727918021877065680737
95196764175252257000221554086691684140355817683776432

80677253253334444057757359187320866440498630085204904985218
68333952212611942289701673243370052927134105824761122220987070865757590780208386748558254441
942775680076497380083512046071475137968314880948941250463108692528690393691960
756619879281293734308316352757537
677095445367878031634956644807093492117491744652661887113140430893572404889721900507
248340067925770434553077320
032811
90229
990118544504147571042248214948802093237396515304
634921423821537754650051743144524096618297064786872515771810035510400779569703901
489650062299893918831994914916673237406074941587571637387478775931915455665
87591052750442566539316547671072061336864940633432393745487317
4617820873722963799000335082459
94382927254777771753404279075936101838167093870030896066465435263239484
362962721463431242213766496140466641171348546094
2918590515680026072882301840240624207518499748716741555556180207837364805420007868907365827352

38173500585344577771631073329066769650793067058764138325605769736
72414906472870409237422929167793803337696341667341106879600969395791113318211144995556963
46621237448843091
1789373707990520483534596117630552539287918083316772919092871274993904679065999375057309393745
513280322415827112310013162862028684508306445904959427153860790572
0620953562310217648188265070939231244585483605098264368608579
56179958186278415540106
220635466667638087630880082374779719
6972772565015264955364192918111552044694718451803490
553642466917005471513288939705290839208052
57321713046792281467298953672459524825091339908179535362925637470748767491996
8
11207632320349352877827246820255940497560533254783156740496305919084511632933594954174536
914471184480828632329131504902382447029104740786289073299792274785197335847558730973221200372575
0035630069328866746032521153470442353931694227122419524300
23835982607411964322568237087403618147703585722189314231843227
513769294521326062848007408053185336773239951925214467
0579752161884360810574330156183209428748360219782761976522225551657605120884274544442
1553686329514737176130502781307406069418417662528807927656454569893571146508966060252376917334
6
51182086537792916164107133075828665999747697584863991851856997591669561053
33214268039516743143694121942890496604876896186470436780902920
2881633351689905946261980457888162476539491522
6598473976691978326326422082525913882165334160315874908059890179355244760148
67452600626349698612894426554058785585449197315533467070022110703458
58243589837668
49559171645988704156555771388222552
7884977513711555604133099055944586578636987856270955546621359121994394842860213217202438
6819399205622140782332075961145151404294747201158452074422715486854264760485015
6
58972293012408427193439749040039193274903264082562929147168547118687956665858522534
45574464229611534722665775048425622008180900514984906400084528318429985532170281139267720
3142739719350494840849063685582078645259629867067
963661011796218024021068814018749586526646740192127265721250743129625023515866048867
6717295670894
71514865681870703224
16548278463993821124286793443810706938501549371689228443203827409744960573190062991089376412595488
1761174351026425534979461434456022126590709650744820131125569501715236986576
07611707433736808225361053219619248292410722828101149886200131283802216258822573861020740229
3370020612225024140412610587243659395663967463510494754705105682027600186577000043673264
501507990936989479663796659280093852398
44635488261302792842123295018588253744540292083722706394345476343529649326
5888457274086423421392056325024713023717067474125901712141849312082743000670075839981524
86209031087863092125913509497138072084787303848
731404783402268192463758970147961846974532544545360965547546378853675738670667404177187
691729592913031832844181393119048192289445313715240308726299343649
624615019676252247562708834680017439695109609598
6630544982286019604133495840027137426884
9403340766196630023378581627507224944290720266991701396795300856565698810403189696781802732919623809
0777060216759089946536238822
4435283630347577194350600844309357165977600895566897532538408404437046417164966
18474425438966852528362919
0363258554184477148924797827562959911302777980439994259158992340750460157419
52374551818687955687309090307954937205548313052418966154521023012390911684301768
79934152889465425677851618226840164381047408172019554363727651107296164398489666918
79923
142957681901027351312237346062783266898240784631709220119267285449067269405983478389347604323087916
90754158365993641848248531044714482949657882418839456760267293805554395746937530863
868926023362445141764310866142170940
02589321406316049198369395195791446899303324398546294
82140959132840149561044673375
13610142050793787465901402485107188074900864133020
896907503390953663728217915276535439302433204278216157710043079473876057945019488950360
6406376205131830990973814373227872132437408584148842021491928045084587997692435885592261712106779635
922543635893929111896502333927665028169512306821790446863284344860663791086550
67784
828945912132819884197362859970533290910
58526548771130
1838646441450852457113873876677951920330756758575196356378036
5465518682771425202772033396300084386503904753740278541691483
0788269352
45166183825916484396848354
476156225076703036500042927
8984877905313433471891598532522
6988339461083448204108136316697703632966653723940607496825955927676452751337546360155786066784
8127154662776552721736238000320921
41941004720894828927285086301620786870350252343669080179192264562484491153181530741249
13777874550133251527383147621922821207554775391130010
3537928631863909548363003780112303129222832067559769822953565096903222786792472532
737444437468827894119070386957937922018665005370576306172
79959204097401786782964157885610860357136943923800649951563665777898461770384136898130302
0307493971445134692030015358436105
952503194744228351003731798368284
50683431494150074841293025631328
7443556503681873672248259433979841807042348306988430251972819187423049247467904934
61791338555595204127814198504182893435710216026464793257968217979862263513
3102753111276760407540642456184831826087978616106076
810749213539448815995058149653179039930189759832180216704043712534482963864
829276199535130829905082656778546706701997317098438637146288680251925918
94911756218828093552804759467518942375423725341144390927173
37076771477203776682488370599938619469741606367
17455503119534297104880303215811763136722921615695774649973457182
589898934225904846750868127332438834674627038274277532612
3925877975433345077656580651796415027798385512678
63366564872951607454858910900023650307571394158724146478536515923920677373188170744
563029174410367
850153751490502969136807667490254635967964753830671143133467551321885181645475061145980152715157075
042759937126817374459067996143476257
421597036143254511572738467028981705105371680398797362472274117806449
95
334736434323875511178597643629929168177489768827879703733
196225947511707993244790181813887180938064898354364970227376897156619355516
45384858263
8903080329507677434
0651414358391515606541296320498353712
33894580952656079123129536581068511742718207782423849139323339860281085152243447527152
986021929715932568203808244341229580065546493375044078018282530098901
4565165594907862
456525292488235444112304382925580803638184972582192117307907754247658570471123
4405808411380142895348720322007051757219352319974742418791123495769812546082485527684442264
765651087407924572446690949530457074681211651594569964748307695609289349847702083576
57121794199389740197611585248413545650010238637994971522104236486364650303900489894213452680349
22292
2758869700
7172262770957573989136772694750274
145310359161080519089437508169
843921879922138759184
7
58954386712955783105120253941537657968488757865153381672008096450771791639388850301341431307439190
5249410523154487
159409088826388094381087126710426076535563148269595206485118716050303420827852809406223461948160552
5764
0533467660085883307410692049296966053132509799
63988270221963932660627082806927236487509237210618536037067883244001126965891524598375002
588610443843983225004545555826753931093
093198968966740207887316066728505725876989679385154432734764941233529895760574
7071310693259772156
06669604156462894
798065220580330294656989779410045764755034086444796966327841859451691164
73143806959465281729107658315598473576659587202232634161897166772
6003642661638163130429498818250491783221198741774152198859850977
8872252564883314569384461842251257803840135772505287525145480283610437111199
50442351766340800189334427699271
37035826515948387829564301094680
56114569412943793987967576564
8774040417010920195999751908788164935537910578667879090372220675348592370703519477
8767525480062328543768211591237708050947102612922241565341980221
58730707291560706043603000089456994800804242451369
470247886028193286176710668
50256284153465227233894216494204723038005893797108973166395522759584146264717783912910
14325161754300263660380641140812248584753485995003455875376
522445651026935129988515675019008107470785382277413833211956665933594160447546
499550083230117749
5061843780498058378095447491779035224835936534684725448655868475596169523425762636012853194846140418
546096382857181166887803459995725098065514906176275026228066407432954376377160165141
83212942465858929758130623550313788329169687365498597870620991454984645655
156
6461636694249938077960813867336176082514026178979907393635990555466038118919181124047684
171381036657
9497076933198970266859904810551338317938896067602473881

818433431495503127567552909389168696864464620149605237072897716
30223444903408871219723502669
837953159213166939304824137172016117662
4411503271376887218102258664625705543641
114686975330389297561663
811376281109953076538132152231448238555070838428129467353610003316099
5705953958432945355263133
163234012495094072218560842480266545417787580326101671101401237216428472510172441956646958298823568
703365677105956196585390264821879301359466086165450076121069434724318359083995543357034059862047
27342417577699800872433704176490061160636118511871869320505866019421824777287401794285142819
83990155794650301475409727962934273422053855924865220240266596788867
706542584292881779539371
74358681077175180405389787812327353333743625966637893016796216513103067103226163452228183199
5
9381295057
20402693665004995080820421004953613358474185584526494661556622692325982241135
075520187728341028984567937561152658810283275988596008833941509565127083208
3601806904399411
83073528936868298107099643914220318849479882610272332
751241146
86291864339587591372514199218424558559390183297142117748974942220
259937270851932257689335374250149981669911317307141213337939008646997597392414207
6760885055926997575807121030711389338292447021701025334286286686847549634952645186532911284978265
18260304423448028518908266249029128568535190073254566083754833371877752963667912110590170910955
7168535098069318866126
48310973101456377510013925105
3879783423083483397327904440739312833637010765443110362644385573695559792665491356834008
149323933005017251827218484377874959833304097848863657675154854442200298174506
501100224282660674522700025506195405511229065992522323712876870759024612138331788279527728951
76506
39443750
4977778202188486815524730414999426513831945867022287512017342575880588560233774652046450619053123407
6121
37333606046260085438000672736126179528881229501198281747193423508226091031
47892543406873684676525056917095752974818251417628341533454653887925232186925513
6983317397933749042972214176696
00391914045759442700721805918500655762151440027548789601383458181282278002419649750
65879775168461965809684509631809528791467036014435512663
52429114032
1625910596121747538756504798052482716945144264895695489664805454
526759954628690167779481329702725994900165823582067525107573431707486946995098548569099518314
869589855918805851913393706329612354186018910437411332460541285140965073693448674689513
69625946308194906079339408940892441478489536183817
19416473892505500711701877137132081193566186455171505552588570850154966799265064507921281
1748785907568986923963995764926295052180947127661703033228194967979132436221504202718
5808484405830533290820678875106
93498287954868610816339811062490127558112315367393703759590549508438859492764512909418334245
3341476648437708600770640167
91279368893172164
2289203612495313763620767770060
34673070602546236329153281151161542413701342
7537087397853169893902283917614532630169214720627046862446906714879521419967796856970874622952408
9510314086579343012670905001450705451294210039179548634696278496
97104303058409563359855920561
786387288659492059366123236269382276072
88409282387949563824608950149435827962435013828587749901381198264563437683259226485
487074448368912761483400826875814528218571004042
18417414231063266582939041908327156412772
7453970246740451365790364941024783054595118481076898517298498618727483476723383973380828603674
09292101498718812648494292369426512217511650364752740899228117531047865985349045
82760703907678033291866052712531111283084027164502805
31701803622244364228285863295995271667462206841761665984314068
55884381927193067692690644103124816189989045334
640866551158350327696307102278453885985288884246798387849567473653668410
06702277826787398627269955976903068204663295100791891983198191000411687202816419717589262541570
89323415834369046195490250393519116132302336463911863798157600103516770879
9999442504853360798549486612401284523399325820871307128045182
92253991623786954073571400332527939357812
184948640492748178314805321666228051018931945593186295074258841055247467714181111203481005722810
74220612980326375512952145522032947354342963788406539192641764009799803317353575965537328716966488
641097974453167418550401894553692
155334317908680878076555465692735449
8693792130
339821916150426390673876191496580726602576173576752428844333636107177486971621559853075161150
8894820628946096830
8425586956915053497038227693393962404615741578316332732805002402887657477860164692141426413779
954897875174943007898862136680176491772281184600278877099026672741299489466234519441207324420
09418892622066408793532109518508435708372784
5106022428079819903274271436755655975178670216763011943075923
8966578339464484129048988069710487546588856
6
703438241713009290438318541052498466080728898236460702536963
485741121781016854090183676542403389260802125711492618094763690
5142149467332
98584914651999105376102347347525254485564195387269980663083216787477821
790950763701319592923238919912824544647759099042400534679213380207453030317967416551380216260596989
131822945137749033337022721871057494989561190326861495836762108565144317
49942713303343883151476239180229196120659855670868
2565402089664685027621055227356383574621375
595373430883097057978275512028266
28706048
7278843624526577686747152434087552988150330
553763
5556156646979524190796172913879971121058743926997209265040722674265267961379081406983449413
2235943063317802198975918884222405001470368674041547980169678014192713432842412609
961567015111430062628275038866641162317340638337823836403
1378481186747151425155320531483733034884430417735030331429995377275566988003316
0489801905509942
8928596832088872331406575936852641606247198964946453405627396953734466869821848
610949638088662495698798531685884261175339666238837355690174205903543340860513605251468138874109
570
7613782097536292118691114109
19887871239589295453185861031781059000854722903014920106792357237047515516492173727497
65287816033990584954307407360573235767576557152233082933
676422
10846920377425516425472861826245357589544988059132985473880990749
67270345500179390987103952143191900092520870
08985477808385767827570451885468744929431002745105374093210932809418963744810058
219729366038526462997022153315898982692967541140940685200821419814
708530655825306961350765350638254254874151370060574758174756
35644513033
33263128603817978671218035509680385010864088813554359634610298860369084518269993
3640304098322178432878
658520599468578978641679895547347618500505564094424312995669942416030467581437786
4932227669085999806357404276046375924890530944862501378094213952279309844783835636904988
224981538793026599677865761823358401169541136086285715484
9192311772056840670801830431271848159828295037953212401826
96823889655079097177822614556822762565807618545761191626969665396384
27612091700039442686414774558458024600441132221286033787303503192862566789315824852353439515831
15361533664141353979622672
0551471976919084265821425821651
7462582784113269556453463605388794107510020140977726
47268334773438960760707712188481681408530117346945171138343643188680988580682
159956287307030540366806221244443851344953277822864291842200
30391141624611470941316926676585835633367591786684339547467999700717259133393594794034761619598
48694966
824683243751507814111153341497452431
730732213000230852121
562819053066917
8328897161121106889237623723
822738758902349999492908768682230992279796307520826338
38081137109941923
90500281737632977742796114794436582364712376696179
397358792814512766981978548793967033
07579220593135043935164
495834280194753570930348197652154480030
9108585860388082450708260672694436299052508279939683521632870622779
94159220148455794819438204500921675776144853453131009569328113086193529243648
386948888806924743128805055251812635371446915486082540428093444771206
63843699847429227830594179119373699275649035039114132789623958
304024553561652114432006349954266889423968372174264377665630649373196932854037973138009
75480324087164074732957554678217826252106367987987326212087605
9823101900293290
1700846886011794069875342125608395571803401950
75073249225668670265159142322
22116149861470465211866706370394837149658895795887332988556230633466
5195983269137643961094988740760031640981524410192779204999868536163793654461360491712765
3262413593522015876
3863679336592910672338
90455493575950530354207902773007976573511412468672652766022596628373877219689385294103
608109016791987376437947238534751160949935462770130473246630230974159975678797337708
087557061833651096711843022
795056210469699837217
8268878128295331760411299819649568089062487611977818467601482161197409332708269749861292650673
473565132036129692589537464858839599
439112553927399178455066443297712806281074880001
8762723967074392679817758668898396225687708788
279349650201119
7414389016851986566152920216650826983640762105946888785116271288639461580696622106262
0466895632690700715641006145711966429300651169212669876958412766399247221846003867572
898068600896739531119475668941381132238827717679772079160692614939634201696805189660660185944074

20494420818378298874687186342472594301615211309261960534224347053580871003201583233472767691
3493227852038817847754539731629536572905324885750637400224036702094458326308139341758729
389427008069493861062465228194342
7013401
095036262665295014528979958871197104792167690567483235526760226435282537046466768966068300965
29554623451983920156782731622758743521490171287109356567422151455665905528347044124604928165589115
6197316649030120727
283709137510622654746774184712691060094030155294458401581667074141733186854605043288
2068
848970242127020502402906730456898339177049099945042537448143565760848383542467
874533377488571932523808732722890403106144389107990896812002428710379031009169305423
880669036298059522199559143082347408801362511413623771435830715136844
5859456148346300642725154665854327863168515349902905114765395782518820338561469412159
345681672430161550235065187497537488658716796264928914
802329236033942816845827890732591987754816363957058
2898839671401195978526101833210592805362999878895856172728426672607185346720
90774871942
315004366221013100313871430447205066319636249200686815
3377430778302312197916536810571
4890089
905803629860886
530103446713340622186304426942316614512683413794
9399508452583865849007171648957143690168752957994677466059570234738624249540944485
684451135014470136150272507674464
10097616484008851993640956722382803956596520476185490365116344370509394
932961423174327587147151243503999464981392357256917029534856802018950561087682126145979083
470427421
60811321853250248459600430749370786
20587775059013685412650810686133827652117799
546543083362054767831852100697218998566404643530046999016008413762256260288300
8575927
662309447427768155536674658598077015570422901398318190130028247006830561508863848294864751115
098259262771562981754814642136231298282258594625932920571607805815366960772348535873
051590016232957771174505
6023447869930732634258802757782931259125099167818722488545991197497433159614013670717785816
5423734791554014484120606
397572779697214983120745
9521433040672103191704929690818621277337201355018617329465124319899226616272430
095539558362767635296058100701372847481737306441575333566351231406712722658287932446459126
76668883094809395322034692941582469250486353551805643955468165470458
0
6651263091649349760489112186448992277641887663291511029841923465284253
585033652028916705838888422720373257002381178423313046823586841048657393323521655502380668637
4825200669372062074286909245008026374953275532523519408833697905947672072454707488596903
7106338478436170959623078064967190795345207837437000943605823659422
71658536759198388279447370570930931872246578410065
85778399357330513585068341576500452165939617465980553172249673083388039555936188776257120148603541
656964244984777929211855029306939625089343414092359156161158951039402073652298756982
12210398402825683056393218088625843934196257960636503381180878597478990107749467700763727584667
647961541242577799287122744761795717815572486461608246788496074370388220848028120384784118
8264243867613621927453428647683149082450959434369937594559311501245046121027366439552042746724
00
445369546795536707103914689166930830814716435310675244332250965405718480536
0991844986648486463417210510961791000079246406367187780014
035768867516856144716001365234123587624
4135837736148059064244706608512326048009179075333419620126822871040371447105263896299
48502063592942626016851532606258662576855693423
6477090233628784337188324115969237206618736280248641596429081644908112987204909824235075078101
91502457071709121302526200381421729229229682522
84039665221597727233634713615014967529826454788582656278124065436586031580030562878940805071
414821659760693672273405204708142645000594492568137
139491263042721875078184183343416689123
77089291659222420976379416075057370
328433081223337412250616596782508458059411990660
6483404322357391299133127565440050129128846252592825247408352614651989184729758149239550625
2387773596845246342828261301739935982662088868375
99742235
21590263825783709119593593151904
4256705619834094250123938001237009230563984954846310257659310585200442094204

45303928336427693
596890512828985602548808459
6783913631343225
072280889852689034442702594046127933557990156124065657960807078221753368868644686280308724811981351
3420717051359555799370180554381737394875327393974104189
85830223656729049
16735459045800673765700858282511396
29340121436783113505754500937
3953120498662106090549997655891746294705041145353098162465201413974338023177387626222695005
4652707368841853566036012812747334214
76003285599811413418008249942982407197250538876521053727856155185461816
6533159
015553596539637845950286225838244086136287438943528091789835457056595338393179158131738088224740
422175114974
3497762445402089832844163112
009
8733126633934746788040220217853922481016241101524292971847459710465
16809137733249851882310332916811078161
26991029344677315592661996037111115150908995894696099629954568032197405813215458603162752743283537
1283029389740038703254650405219754717867741774385360175953025498531
657614160998136480961
0833949159856092712576119714091306053853287255578647248207378007717067807147
7326316977502090190637108075916586218636314515050617204558300491656977574
590001344253
75797588505598449251468626798093447807531565812272064001188021
504013649190832180399008539351309933008
257627242969139225244496861255922756169240001768967829241959713433097502919795795399
42673994814010609082434501750000331674776387256434195770265905693
242310322686498120338296701290646123062325451429275
33009088007906181736254710385379870849307752106092963
5764530756678757397138179984104291451292738911743669364038
32929619102989083255203378354236427812821927
5449208146941872902638411963780881587
53257674290075524510875268104151219840173540742448878013578708679319301608458549
08599180522929
167000230069744479389976392454741644281301395700797
733069994714235053216049726106749759507525232985369
60119938192982670044444104151722405675327095125
192495098978199903184300965241731139
0928092176396808486907386326486589192005890801273690441663807683724188247227217201219651161460952284
49659709221265713412198804567502514435906331224991285212686606351751
31754055680655074576157820715158496552255070809094522111221517283170
3721058899340499180362445959373702648467
255352531732545896
381821492395819789868577418066379866282759692250960295760710616639515248266202
01305243330862376597
68061468
01999731181875145575046819287922217442396766
527057501102553844773957133250420321911309766689666262590002983893935047400712068
532010916174773789309903169458810447695
7854724036461764684355558231
7911487422864764827776948
327318431112779822844067078632642958660
1606558179
7644547953401746482316003461183357731856086366621594260853642959613852983541
40542567887473533841
21688028448038047977626742633492427850137359461866480959679839845802804485834946715
974550097704
31141213
15
747832189226358737255590001227264488741135081699824393592
692546712560512600706761799188823772788702409311024334333278382311703157973238708625091655277
71097023945269459632835723031139761641667762712649197293567230911918944
0032443593889793783332671541254871552367957278201938128237260145
34432785121504036423528920614686583214657037817666636809721031063286520466847350325185327
519563343903520946009373718314996937263572397979019584691475027210
232092588285026804301640589483875387326701086311206369958095184779862772575786490520127399
092837185975802870656254199511221824323606541978151947020767160260
6558742793247979647951659260362347092607716588017159395296057169476278359887400914876185985600242
6489659480865990363968189078640298657559723170028368706281028
7650692442152821347124638328488932814605051224656408711986296197452948388376226724
071394472189650030060898794035425
20522453156115404853410507493968159535526156920277502819979123585982
81819268548103488301294312502111247848233041669540576722486181599508800878895536406957973167944940
755659450400075884925144525448354135402348825394
8591794956432904191173
977375801287577484
76316579727621117786729694315
769069815137060668384003921246084062751005791
4898375533
56256826745111540124919355404561968033909385872660442510378352999636822909359689
950307066177448901287654519095434587746502314479286097116335581943332489748119738332881634985
06144435829410
5065275302715238783522175468879571250293607934787959479
386545499855325777325431173764138425722559242343017598032513248675939569565
722994664554158923201531696287904341443361983840295750521332661739938532318224680555
952471284300002499510014728761792133439816683491617280614946671934638844225
1295662275681652071235924480118685641294903101
59223312514
7995250262327899072
9961764600266154062669565332
69461675535185306412
0955632343850731568414704950245783879716639086884704267522021087269102449817787695
5736
46563169900173274933701931907121148046572
072329772501224176384761065140833
3530057651469550238
548922838858370034305901241612680973810995406330093017574942467393133365320870667241152926111
2030320321934436907007225569453538033258721644670600815399135509717748953
38316255639625098781932657086189109
72224904681372539471320344784195501050618735083386381882
037292595322566501442788382750779549557554556307625056287484719559319445870298491898582463622
020042767
12860956049481555441070652236617175798868872765855885
1711432016169743521843154298660576344707971929985662389325837117895340967341415320422066502123195
9434733215428514274754592001131244003311243485745016075388
058676852985243431054207783835614737938318789202578747437517
752759899243031
91001861073302971396216981
27124225902979307359756024116
5015548681157853881

06995124648232131226528830830292070120
400002768891145940905664877507323940795
92595110360187
154285094078314235
5056711139023091548927585918373712461936528094606089520949525740406524642546324940270684746568
042749444509291049144816344206487020848140668560847379932392
774820257638146709536969880220054031288360594750300355976026653092904748803786999696
85701551765407494589986077215344285969043465452372198219491559703589159959419977363
86924479633260997369476287918404651595645698776264154487967647816711340202952941264472953
34981033568308792047734535315821145272566061880674634142
7492707621269528492
6745776009386892204015256585596145347
7588029317014410841452048623895086337018844674223732803
28744973497645403646956991062135099758859846732954515029994
6170623454714276262891589556700916025340674314486899035
09092118510860332925725389906067627212368287942296177282474569769750596860187
8483107935329251261862086402585984
2466
18647014
058522051193477798740
43097564311974433374119328722820595137
9117412580401577857687
126802491958015000960227353009555589204470475259985021705758231984298493799604555865403289
69097820431276575081304552154020120089230521399420264811425201987127977814262773988053
96766
311072436566189440342695102346108689448600621775693461629813
4366
64791698113288950431925290750667439708994016716286193392247989813
46382206902956112605704671
8683307334890675
69226925498298382332233151314085529028100279934114504931883
6154256604931160108384
1023696223276312999668620579002570431867258610536607485999203174267720862075088166787417193779
0753
495716107814133691140848874644278295474425
26499351094438378313812692016224
849
08848427892711777034150933147044313522699027858254525
5806087540045885174231274651511581309239959647900215763325908271626
350793734509243277424030184216611616743650790784848044739308734417244
706731321723398333736
4021860441731911640572109370
6690583398841002737264933620810135117205610988752948006996892560597694281114335576484360678251675
08726754063540197776480876438541
33170666873110814219740539320287589963508778436398470272123044693649875997844651304822777556258
235720269779444973540818514
24590709243444656
8892083117638824513966076433948776916600262
168295607300403973811060330173815985650482192100154
981876196092547678667955699048510936952005565667957473161268249393272
2501599
7944326624753502
0067629008256191043081717910125911306761
720223078975809691585249084469807082767767901161839012186993950350933080193039
08325712832130734342
4680169348285869027869679041367523672304387551328159059603318023665222906039268550
545539682331226923349374118985876386769582129329803011012451737904634385185430551
8937736533565088408326141978404318149204595206523647027981768531844965
929298917325467441868496983714379413446864192287604105117397269016718853692379
83586688069935232369103643874490072821572345676371782735190901564969095910865
74334638807141634004680947912912837288332155806
15962240489830504440071587632662782168207922910000544858613171141
7199408216183417026008723629640469910214145544302418212947297117021392690667164220284335602687899
040261318090198643613389

9511047815396254904388023346942812667856271681789594897090000966725083209874572622135464595851625069
30706349556587
24151975819651220792860228534800494800922179
57592797490880264408367553516007507295327123186074499826394218784508717231564134221459939
348473496242653617534558846680943313522297687668021
04782834331339316725079187538926976883268804487366310960012439504973352765166428141812
759532176151413584825707863138395177267767068616394253833319719856520949
060983791050816461
5731755602531002103
06092555647938811495663089421904256589026403428
15077923328913743531317520985620496012727986625496976343395948284815024266482372
1496704048313092558
181194721928279864643519340280523885724035216616267
95044028778062631202318260675662073357039662203785
6945818405
57964544782796512012031385518162918080092105183719648416084376529131906955114290002762
664463079891239358604594222646
7796035852365518
97437301487777579814813735428050776
7199425853168697130704989603582551189244329229661134832107781114415773628639631022781959204
79123242876863596341883930280167755904160680515520751495786692520074578851615956179
5290574541472298165802528093272956079499266643435975846465168
487549670968862575738511823713
40122850707891767942287012501437607704241173030724205
42665
739051355864692288121063500905124661484982914468035315321
2157914557
5880820606667066797363056314805830797740709496848278174991087482203654
8830390213085255778121846790450049343083
53470738190187415657072785495388780
0765467989088
6814832003879814647744851799085577040772100564919259262471871465806229370042540
2537808949318556105158725999787148
111061866621450777051818407573954371417982099117533784194546450646184289766118690771848549427038
299884059556709031141578830
3417543778109217773230150293327926874513251520098
99183077828899327055745845245754200486072235732537
6068325689058508815793395673023159475721847769013444308143814229244590936818897992127818032792
87
4350436729547815693366495821443601669327500428480720768054515164975955087830598603524775327
6607548541241240389321659225998503427685084
67332914531846717735409793495691103844665310580735134883805863661823523715406503
374807108896294
4097

40043088258315748972
9014702055108649993810282044515026402657
5471299930570630747592464293411368073181
8447196788103002015589395740118729137780192997
846528759722744194631671701212285244296810545468762879831796150903606547214499
52866903020937368197197
21204202847660976041858736868252
91594300177592883556662058276290640229977807749352385479
5370636144226723295372186405341
3140265622556933458214223
89753027455081542650035242352733856528366632395242593434454588580448963104717047662
437221
0721792115730031044648377759527999121190078297755372557861373252435973437114834232564
96104003852503853969944726543241374
723312605583649562766175259288940945012885398155569224837999554129455483957725203112562209
94857755723046711658439
471687420060450032971683891121945154298919938526968599459520711274361427565347
5161659826725903887907756712046
650500372814233650495518311495695
150235840121932425696133568261812372
412384197509431721285250540725162612753064665005363477426866958748476201424
183908015446211404379518734028707909506420678506565971
37263823736217006
9256697267468932621047506
1442749268453545987959369392516520802056
0344003554923082052461354365917353016478967581658586863494878952112
849010482980080538692934169236
2
93815927715891947917579545158514614666545861642196248590645565535760102271
571265264757325275733703212309469213796390308645939049872514521925185222490613055127426709
8478789523219582430794252563295342119916791065569
541544854451252722686886354108099211635858515924509605443736323833796
27
51171584827308825690755285345155486019749742
58999730456164522000920441144542040538824
8854905625593916698570567965882313141814367975190451784747435716032807720392225959954869787564
6404015433883600447443365581855090856574907255237814382215442320182013405165413143
618435765525468527301570536087287919157889266038198
16545773540963079454350941552995892332123025974909349175736121999564514597237618787413965918980004
091591744352045699670704
4539527611052437740923704548394243460254435987982299357425910555901175599091061374765823868256282
2948373712959720318294133397314747897403054304024
587085744997444562475399
128891544
151118874019070754839252322849130410782871437778053255429594283468422102162673455319570
4222561532999586187656873503386838956382897965
6613037591062294427152833882052976629218178907225357999085933078378747774385559468652858601369190219
63886510706332745622447571387135184319701
68405390603413718008
8414477469595298621194937308893119160284720404416
307252070210012933650691070000527695
743671562368896975453427407200104441180565527773002884788245286542657789542432070194
2346
4243288348201445553829009043451944787397757116723713734907957535417076
01308539566949815212024368785119746798761530690309300
258575559148288214865107925201891180
7678905225775495821967775404007972069089306008890793982475793863582938451922962812118185
01370875976492097532762418638800
9385062097017287419570199710442276666550701112344149853956954266198579501628331823

60912401514037674181622651114267
22876857084591424478299388098360145591318587855728709980636730040143724802252899748
28089665699117703376571151895253500479307892727932111720445755098089997573330875983850208270306
